prat          2.95e+02 
crat          3.25e+04 
reduced_c     3.25e+02 
Vmax          9.00e-01 
Tunit         6.14e+03 
Compt         0  
rotate_theta  0  
rotate_phi    0  
adv_flag:     1  
nzeta:        4  
npsi:         2  
taucell:      5.000000e+00  
source_flag:  2  
nfreq      :  32  
fre_ratio:    1.537218e+00  
nu_min:       3.908182e-05  
nu_max:       1.563273e+01  
iteration:    1  
red_or_black: 0  
err_limit:    1.000000e-06  
n_limit:      1000  
tau_scheme    1  
 0   8.235294e-01   4.011230e-01   4.011230e-01    2.941176e-02
 1   8.235294e-01   -4.011230e-01   4.011230e-01    2.941176e-02
 2   8.235294e-01   -4.011230e-01   -4.011230e-01    2.941176e-02
 3   8.235294e-01   4.011230e-01   -4.011230e-01    2.941176e-02
 4   5.882353e-01   5.718301e-01   5.718301e-01    2.941176e-02
 5   5.882353e-01   -5.718301e-01   5.718301e-01    2.941176e-02
 6   5.882353e-01   -5.718301e-01   -5.718301e-01    2.941176e-02
 7   5.882353e-01   5.718301e-01   -5.718301e-01    2.941176e-02
 8   3.529412e-01   6.616013e-01   6.616013e-01    2.941176e-02
 9   3.529412e-01   -6.616013e-01   6.616013e-01    2.941176e-02
10   3.529412e-01   -6.616013e-01   -6.616013e-01    2.941176e-02
11   3.529412e-01   6.616013e-01   -6.616013e-01    2.941176e-02
12   1.176471e-01   7.021963e-01   7.021963e-01    2.941176e-02
13   1.176471e-01   -7.021963e-01   7.021963e-01    2.941176e-02
14   1.176471e-01   -7.021963e-01   -7.021963e-01    2.941176e-02
15   1.176471e-01   7.021963e-01   -7.021963e-01    2.941176e-02
16   -1.176471e-01   7.021963e-01   7.021963e-01    2.941176e-02
17   -1.176471e-01   -7.021963e-01   7.021963e-01    2.941176e-02
18   -1.176471e-01   -7.021963e-01   -7.021963e-01    2.941176e-02
19   -1.176471e-01   7.021963e-01   -7.021963e-01    2.941176e-02
20   -3.529412e-01   6.616013e-01   6.616013e-01    2.941176e-02
21   -3.529412e-01   -6.616013e-01   6.616013e-01    2.941176e-02
22   -3.529412e-01   -6.616013e-01   -6.616013e-01    2.941176e-02
23   -3.529412e-01   6.616013e-01   -6.616013e-01    2.941176e-02
24   -5.882353e-01   5.718301e-01   5.718301e-01    2.941176e-02
25   -5.882353e-01   -5.718301e-01   5.718301e-01    2.941176e-02
26   -5.882353e-01   -5.718301e-01   -5.718301e-01    2.941176e-02
27   -5.882353e-01   5.718301e-01   -5.718301e-01    2.941176e-02
28   -8.235294e-01   4.011230e-01   4.011230e-01    2.941176e-02
29   -8.235294e-01   -4.011230e-01   4.011230e-01    2.941176e-02
30   -8.235294e-01   -4.011230e-01   -4.011230e-01    2.941176e-02
31   -8.235294e-01   4.011230e-01   -4.011230e-01    2.941176e-02
32   1.000000e+00   0.000000e+00   0.000000e+00    2.941176e-02
33   -1.000000e+00   0.000000e+00   0.000000e+00    2.941176e-02
fre   spec
0.000000e+00   3.063997e-15
3.908182e-05   8.065894e-15
6.007725e-05   2.929898e-14
9.235181e-05   1.064264e-13
1.419648e-04   3.865817e-13
2.182308e-04   1.404189e-12
3.354682e-04   5.100332e-12
5.156876e-04   1.852479e-11
7.927241e-04   6.727919e-11
1.218589e-03   2.443239e-10
1.873237e-03   8.871280e-10
2.879573e-03   3.220377e-09
4.426530e-03   1.168621e-08
6.804539e-03   4.238425e-08
1.046006e-02   1.535932e-07
1.607938e-02   5.558786e-07
2.471751e-02   2.007824e-06
3.799619e-02   7.230046e-06
5.840841e-02   2.591191e-05
8.978643e-02   9.218657e-05
1.380213e-01   3.242396e-04
2.121687e-01   1.120133e-03
3.261495e-01   3.761212e-03
5.013627e-01   1.206607e-02
7.707036e-01   3.592530e-02
1.184739e+00   9.436853e-02
1.821202e+00   2.013296e-01
2.799583e+00   3.011223e-01
4.303569e+00   2.536322e-01
6.615521e+00   8.778958e-02
1.016950e+01   8.316239e-03
1.563273e+01   1.164250e-04
