prat          2.95e+02 
crat          3.25e+04 
reduced_c     3.25e+02 
Vmax          9.00e-01 
Tunit         6.14e+03 
Compt         0  
rotate_theta  0  
rotate_phi    0  
adv_flag:     1  
nzeta:        4  
npsi:         2  
taucell:      5.000000e+00  
source_flag:  2  
nfreq      :  16  
fre_ratio:    2.371616e+00  
nu_min:       5.705945e-05  
nu_max:       1.016127e+01  
iteration:    1  
red_or_black: 0  
err_limit:    1.000000e-06  
n_limit:      1000  
tau_scheme    1  
 0   8.235294e-01   4.011230e-01   4.011230e-01    2.941176e-02
 1   8.235294e-01   -4.011230e-01   4.011230e-01    2.941176e-02
 2   8.235294e-01   -4.011230e-01   -4.011230e-01    2.941176e-02
 3   8.235294e-01   4.011230e-01   -4.011230e-01    2.941176e-02
 4   5.882353e-01   5.718301e-01   5.718301e-01    2.941176e-02
 5   5.882353e-01   -5.718301e-01   5.718301e-01    2.941176e-02
 6   5.882353e-01   -5.718301e-01   -5.718301e-01    2.941176e-02
 7   5.882353e-01   5.718301e-01   -5.718301e-01    2.941176e-02
 8   3.529412e-01   6.616013e-01   6.616013e-01    2.941176e-02
 9   3.529412e-01   -6.616013e-01   6.616013e-01    2.941176e-02
10   3.529412e-01   -6.616013e-01   -6.616013e-01    2.941176e-02
11   3.529412e-01   6.616013e-01   -6.616013e-01    2.941176e-02
12   1.176471e-01   7.021963e-01   7.021963e-01    2.941176e-02
13   1.176471e-01   -7.021963e-01   7.021963e-01    2.941176e-02
14   1.176471e-01   -7.021963e-01   -7.021963e-01    2.941176e-02
15   1.176471e-01   7.021963e-01   -7.021963e-01    2.941176e-02
16   -1.176471e-01   7.021963e-01   7.021963e-01    2.941176e-02
17   -1.176471e-01   -7.021963e-01   7.021963e-01    2.941176e-02
18   -1.176471e-01   -7.021963e-01   -7.021963e-01    2.941176e-02
19   -1.176471e-01   7.021963e-01   -7.021963e-01    2.941176e-02
20   -3.529412e-01   6.616013e-01   6.616013e-01    2.941176e-02
21   -3.529412e-01   -6.616013e-01   6.616013e-01    2.941176e-02
22   -3.529412e-01   -6.616013e-01   -6.616013e-01    2.941176e-02
23   -3.529412e-01   6.616013e-01   -6.616013e-01    2.941176e-02
24   -5.882353e-01   5.718301e-01   5.718301e-01    2.941176e-02
25   -5.882353e-01   -5.718301e-01   5.718301e-01    2.941176e-02
26   -5.882353e-01   -5.718301e-01   -5.718301e-01    2.941176e-02
27   -5.882353e-01   5.718301e-01   -5.718301e-01    2.941176e-02
28   -8.235294e-01   4.011230e-01   4.011230e-01    2.941176e-02
29   -8.235294e-01   -4.011230e-01   4.011230e-01    2.941176e-02
30   -8.235294e-01   -4.011230e-01   -4.011230e-01    2.941176e-02
31   -8.235294e-01   4.011230e-01   -4.011230e-01    2.941176e-02
32   1.000000e+00   0.000000e+00   0.000000e+00    2.941176e-02
33   -1.000000e+00   0.000000e+00   0.000000e+00    2.941176e-02
fre   spec
0.000000e+00   9.535511e-15
5.705945e-05   1.176578e-13
1.353231e-04   1.569358e-12
3.209344e-04   2.093051e-11
7.611330e-04   2.790839e-10
1.805115e-03   3.719165e-09
4.281039e-03   4.949672e-08
1.015298e-02   6.566443e-07
2.407897e-02   8.645790e-06
5.710605e-02   1.117966e-04
1.354336e-01   1.383654e-03
3.211965e-01   1.535666e-02
7.617547e-01   1.282246e-01
1.806589e+00   5.018289e-01
4.284536e+00   3.446011e-01
1.016127e+01   8.483847e-03
