1.000000000000000056e-01 -6.990000000000000000e+02
1.236673065383579878e-01 -6.990000000000000000e+02
1.529360270645220010e-01 -6.990000000000000000e+02
1.891318653974685404e-01 -6.990000000000000000e+02
2.338942837428020505e-01 -6.990000000000000000e+02
2.892507608519078177e-01 -6.990000000000000000e+02
3.577086250872615891e-01 -6.990000000000000000e+02
4.423686219008095000e-01 -6.990000000000000000e+02
5.470653596755838954e-01 -6.990000000000000000e+02
6.765409953151749756e-01 -6.990000000000000000e+02
8.366600265340756737e-01 -6.990000000000000000e+02
1.034674919697802675e+00 -6.990000000000000000e+02
1.279554604618190927e+00 -6.990000000000000000e+02
1.582390715218852550e+00 -6.990000000000000000e+02
1.956899976424213650e+00 -6.990000000000000000e+02
2.420045492493587691e+00 -6.990000000000000000e+02
2.992805077569760108e+00 -6.990000000000000000e+02
3.701121429373737559e+00 -6.990000000000000000e+02
4.577077183420477091e+00 -6.990000000000000000e+02
5.660348070917843089e+00 -6.990000000000000000e+02
7.000000000000000000e+00 -6.990000000000000000e+02
7.089677166110221584e+00 -6.990000000000000000e+02
7.180503188523522873e+00 -6.990000000000000000e+02
7.272492785265265880e+00 -6.990000000000000000e+02
7.365660862913783191e+00 -6.990000000000000000e+02
7.460022519015937270e+00 -6.990000000000000000e+02
7.555593044533621239e+00 -6.990000000000000000e+02
7.652387926321603473e+00 -6.990000000000000000e+02
7.750422849637119249e+00 -6.990000000000000000e+02
7.849713700681600237e+00 -6.990000000000000000e+02
7.950276569174986818e+00 -6.990000000000000000e+02
8.052127750963002484e+00 -6.990000000000000000e+02
8.155283750657835284e+00 -6.990000000000000000e+02
8.259761284312654439e+00 -6.990000000000000000e+02
8.365577282130381320e+00 -6.990000000000000000e+02
8.472748891207167787e+00 -6.990000000000000000e+02
8.581293478311021516e+00 -6.990000000000000000e+02
8.691228632696029521e+00 -6.990000000000000000e+02
8.802572168952629283e+00 -6.990000000000000000e+02
8.915342129894398226e+00 -6.990000000000000000e+02
9.029556789481826939e+00 -6.990000000000000000e+02
9.145234655783548661e+00 -6.990000000000000000e+02
9.262394473975497533e+00 -6.990000000000000000e+02
9.381055229378514326e+00 -6.990000000000000000e+02
9.501236150534820624e+00 -6.990000000000000000e+02
9.622956712323956552e+00 -6.990000000000000000e+02
9.746236639118606604e+00 -6.990000000000000000e+02
9.871095907980858897e+00 -6.990000000000000000e+02
9.997554751899420111e+00 -6.990000000000000000e+02
1.012563366306829415e+01 -6.990000000000000000e+02
1.025535339620747166e+01 -6.990000000000000000e+02
1.038673497192614370e+01 -6.990000000000000000e+02
1.051979968012904187e+01 -6.990000000000000000e+02
1.065456908346635245e+01 -6.990000000000000000e+02
1.079106502082790442e+01 -6.990000000000000000e+02
1.092930961088204178e+01 -6.990000000000000000e+02
1.106932525565991909e+01 -6.990000000000000000e+02
1.121113464418561279e+01 -6.990000000000000000e+02
1.135476075615285829e+01 -6.990000000000000000e+02
1.150022686564876295e+01 -6.990000000000000000e+02
1.164755654492533843e+01 -6.990000000000000000e+02
1.179677366821925943e+01 -6.990000000000000000e+02
1.194790241562063215e+01 -6.990000000000000000e+02
1.210096727699125374e+01 -6.990000000000000000e+02
1.225599305593312316e+01 -6.990000000000000000e+02
1.241300487380778961e+01 -6.990000000000000000e+02
1.257202817380713533e+01 -6.990000000000000000e+02
1.273308872507640821e+01 -6.990000000000000000e+02
1.289621262688995884e+01 -6.990000000000000000e+02
1.306142631288058276e+01 -6.990000000000000000e+02
1.322875655532295269e+01 -6.990000000000000000e+02
1.339823046947200957e+01 -6.990000000000000000e+02
1.356987551795684688e+01 -6.990000000000000000e+02
1.374371951523097124e+01 -6.990000000000000000e+02
1.391979063207948997e+01 -6.990000000000000000e+02
1.409811740018413673e+01 -6.990000000000000000e+02
1.427872871674667188e+01 -6.990000000000000000e+02
1.446165384917159358e+01 -6.990000000000000000e+02
1.464692243980883113e+01 -6.990000000000000000e+02
1.483456451075715954e+01 -6.990000000000000000e+02
1.502461046872915951e+01 -6.990000000000000000e+02
1.521709110997852576e+01 -6.990000000000000000e+02
1.541203762529051957e+01 -6.990000000000000000e+02
1.560948160503625282e+01 -6.990000000000000000e+02
1.580945504429186954e+01 -6.990000000000000000e+02
1.601199034802315779e+01 -6.990000000000000000e+02
1.621712033633672334e+01 -6.990000000000000000e+02
1.642487824979830791e+01 -6.990000000000000000e+02
1.663529775481935857e+01 -6.990000000000000000e+02
1.684841294911249676e+01 -6.990000000000000000e+02
1.706425836721694722e+01 -6.990000000000000000e+02
1.728286898609474775e+01 -6.990000000000000000e+02
1.750428023079864204e+01 -6.990000000000000000e+02
1.772852798021253307e+01 -6.990000000000000000e+02
1.795564857286555949e+01 -6.990000000000000000e+02
1.818567881282065457e+01 -6.990000000000000000e+02
1.841865597563842982e+01 -6.990000000000000000e+02
1.865461781441762668e+01 -6.990000000000000000e+02
1.889360256591279708e+01 -6.990000000000000000e+02
1.913564895673049904e+01 -6.990000000000000000e+02
1.938079620960472482e+01 -6.990000000000000000e+02
1.962908404975288335e+01 -6.990000000000000000e+02
1.988055271131305801e+01 -6.990000000000000000e+02
2.013524294386382962e+01 -6.990000000000000000e+02
2.039319601902761647e+01 -6.990000000000000000e+02
2.065445373715857258e+01 -6.990000000000000000e+02
2.091905843411615962e+01 -6.990000000000000000e+02
2.118705298812553295e+01 -6.990000000000000000e+02
2.145848082672584312e+01 -6.990000000000000000e+02
2.173338593380746175e+01 -6.990000000000000000e+02
2.201181285673941090e+01 -6.990000000000000000e+02
2.229380671358811128e+01 -6.990000000000000000e+02
2.257941320042862188e+01 -6.990000000000000000e+02
2.286867859874950781e+01 -6.990000000000000000e+02
2.316164978295256205e+01 -6.990000000000000000e+02
2.345837422794865645e+01 -6.990000000000000000e+02
2.375890001685086261e+01 -6.990000000000000000e+02
2.406327584876618531e+01 -6.990000000000000000e+02
2.437155104668703132e+01 -6.990000000000000000e+02
2.468377556548382401e+01 -6.990000000000000000e+02
2.500000000000000711e+01 -6.990000000000000000e+02
3.073733534236562903e+01 -6.990000000000000000e+02
3.779135135796155964e+01 -6.990000000000000000e+02
4.646421758923315792e+01 -6.990000000000000000e+02
5.712744949843610698e+01 -6.990000000000000000e+02
7.023782289949949131e+01 -6.990000000000000000e+02
8.635694064718408924e+01 -6.990000000000000000e+02
1.061752897525305173e+02 -6.990000000000000000e+02
1.305418194478546070e+02 -6.990000000000000000e+02
1.605003072228502106e+02 -6.990000000000000000e+02
1.973340706264580717e+02 -6.990000000000000000e+02
2.426209401327802482e+02 -6.990000000000000000e+02
2.983008479176510832e+02 -6.990000000000000000e+02
3.667589278142737612e+02 -6.990000000000000000e+02
4.509276861613521987e+02 -6.990000000000000000e+02
5.544126201879396376e+02 -6.990000000000000000e+02
6.816466649902511108e+02 -6.990000000000000000e+02
8.380800850724197062e+02 -6.990000000000000000e+02
1.030413944745171420e+03 -6.990000000000000000e+02
1.266887158443286125e+03 -6.990000000000000000e+02
1.557629417200318130e+03 -6.990000000000000000e+02
1.915095109424787097e+03 -6.990000000000000000e+02
2.354596823636563840e+03 -6.990000000000000000e+02
2.894961286567441221e+03 -6.990000000000000000e+02
3.559335834735584740e+03 -6.990000000000000000e+02
4.376179965934658867e+03 -6.990000000000000000e+02
5.380484445259027780e+03 -6.990000000000000000e+02
6.615270187932363115e+03 -6.990000000000000000e+02
8.133431125873239580e+03 -6.990000000000000000e+02
1.000000000000000000e+04 -6.990000000000000000e+02
