prat          2.95e+02 
crat          3.25e+04 
reduced_c     3.25e+02 
Vmax          9.00e-01 
Tunit         6.14e+03 
Compt         0  
rotate_theta  0  
rotate_phi    0  
adv_flag:     1  
nzeta:        4  
npsi:         2  
taucell:      5.000000e+00  
source_flag:  2  
nfreq      :  8  
fre_ratio:    5.407419e+00  
nu_min:       1.563273e-04  
nu_max:       3.908182e+00  
iteration:    1  
red_or_black: 0  
err_limit:    1.000000e-06  
n_limit:      1000  
tau_scheme    1  
 0   8.235294e-01   4.011230e-01   4.011230e-01    2.941176e-02
 1   8.235294e-01   -4.011230e-01   4.011230e-01    2.941176e-02
 2   8.235294e-01   -4.011230e-01   -4.011230e-01    2.941176e-02
 3   8.235294e-01   4.011230e-01   -4.011230e-01    2.941176e-02
 4   5.882353e-01   5.718301e-01   5.718301e-01    2.941176e-02
 5   5.882353e-01   -5.718301e-01   5.718301e-01    2.941176e-02
 6   5.882353e-01   -5.718301e-01   -5.718301e-01    2.941176e-02
 7   5.882353e-01   5.718301e-01   -5.718301e-01    2.941176e-02
 8   3.529412e-01   6.616013e-01   6.616013e-01    2.941176e-02
 9   3.529412e-01   -6.616013e-01   6.616013e-01    2.941176e-02
10   3.529412e-01   -6.616013e-01   -6.616013e-01    2.941176e-02
11   3.529412e-01   6.616013e-01   -6.616013e-01    2.941176e-02
12   1.176471e-01   7.021963e-01   7.021963e-01    2.941176e-02
13   1.176471e-01   -7.021963e-01   7.021963e-01    2.941176e-02
14   1.176471e-01   -7.021963e-01   -7.021963e-01    2.941176e-02
15   1.176471e-01   7.021963e-01   -7.021963e-01    2.941176e-02
16   -1.176471e-01   7.021963e-01   7.021963e-01    2.941176e-02
17   -1.176471e-01   -7.021963e-01   7.021963e-01    2.941176e-02
18   -1.176471e-01   -7.021963e-01   -7.021963e-01    2.941176e-02
19   -1.176471e-01   7.021963e-01   -7.021963e-01    2.941176e-02
20   -3.529412e-01   6.616013e-01   6.616013e-01    2.941176e-02
21   -3.529412e-01   -6.616013e-01   6.616013e-01    2.941176e-02
22   -3.529412e-01   -6.616013e-01   -6.616013e-01    2.941176e-02
23   -3.529412e-01   6.616013e-01   -6.616013e-01    2.941176e-02
24   -5.882353e-01   5.718301e-01   5.718301e-01    2.941176e-02
25   -5.882353e-01   -5.718301e-01   5.718301e-01    2.941176e-02
26   -5.882353e-01   -5.718301e-01   -5.718301e-01    2.941176e-02
27   -5.882353e-01   5.718301e-01   -5.718301e-01    2.941176e-02
28   -8.235294e-01   4.011230e-01   4.011230e-01    2.941176e-02
29   -8.235294e-01   -4.011230e-01   4.011230e-01    2.941176e-02
30   -8.235294e-01   -4.011230e-01   -4.011230e-01    2.941176e-02
31   -8.235294e-01   4.011230e-01   -4.011230e-01    2.941176e-02
32   1.000000e+00   0.000000e+00   0.000000e+00    2.941176e-02
33   -1.000000e+00   0.000000e+00   0.000000e+00    2.941176e-02
fre   spec
0.000000e+00   1.960872e-13
1.563273e-04   3.080001e-11
8.453270e-04   4.863073e-09
4.571037e-03   7.630928e-07
2.471751e-02   1.157601e-04
1.336579e-01   1.451297e-02
7.227444e-01   5.646489e-01
3.908182e+00   4.207216e-01
