prat          2.95e+02 
crat          3.25e+04 
reduced_c     3.25e+02 
Vmax          9.00e-01 
Tunit         6.14e+03 
Compt         0  
rotate_theta  0  
rotate_phi    0  
adv_flag:     1  
nzeta:        4  
npsi:         2  
taucell:      5.000000e+00  
source_flag:  0  
nfreq      :  64  
fre_ratio:    1.242354e+00  
nu_min:       2.579400e-05  
nu_max:       1.797764e+01  
iteration:    1  
red_or_black: 0  
err_limit:    1.000000e-06  
n_limit:      1000  
tau_scheme    1  
 0   8.235294e-01   4.011230e-01   4.011230e-01    2.941176e-02
 1   8.235294e-01   -4.011230e-01   4.011230e-01    2.941176e-02
 2   8.235294e-01   -4.011230e-01   -4.011230e-01    2.941176e-02
 3   8.235294e-01   4.011230e-01   -4.011230e-01    2.941176e-02
 4   5.882353e-01   5.718301e-01   5.718301e-01    2.941176e-02
 5   5.882353e-01   -5.718301e-01   5.718301e-01    2.941176e-02
 6   5.882353e-01   -5.718301e-01   -5.718301e-01    2.941176e-02
 7   5.882353e-01   5.718301e-01   -5.718301e-01    2.941176e-02
 8   3.529412e-01   6.616013e-01   6.616013e-01    2.941176e-02
 9   3.529412e-01   -6.616013e-01   6.616013e-01    2.941176e-02
10   3.529412e-01   -6.616013e-01   -6.616013e-01    2.941176e-02
11   3.529412e-01   6.616013e-01   -6.616013e-01    2.941176e-02
12   1.176471e-01   7.021963e-01   7.021963e-01    2.941176e-02
13   1.176471e-01   -7.021963e-01   7.021963e-01    2.941176e-02
14   1.176471e-01   -7.021963e-01   -7.021963e-01    2.941176e-02
15   1.176471e-01   7.021963e-01   -7.021963e-01    2.941176e-02
16   -1.176471e-01   7.021963e-01   7.021963e-01    2.941176e-02
17   -1.176471e-01   -7.021963e-01   7.021963e-01    2.941176e-02
18   -1.176471e-01   -7.021963e-01   -7.021963e-01    2.941176e-02
19   -1.176471e-01   7.021963e-01   -7.021963e-01    2.941176e-02
20   -3.529412e-01   6.616013e-01   6.616013e-01    2.941176e-02
21   -3.529412e-01   -6.616013e-01   6.616013e-01    2.941176e-02
22   -3.529412e-01   -6.616013e-01   -6.616013e-01    2.941176e-02
23   -3.529412e-01   6.616013e-01   -6.616013e-01    2.941176e-02
24   -5.882353e-01   5.718301e-01   5.718301e-01    2.941176e-02
25   -5.882353e-01   -5.718301e-01   5.718301e-01    2.941176e-02
26   -5.882353e-01   -5.718301e-01   -5.718301e-01    2.941176e-02
27   -5.882353e-01   5.718301e-01   -5.718301e-01    2.941176e-02
28   -8.235294e-01   4.011230e-01   4.011230e-01    2.941176e-02
29   -8.235294e-01   -4.011230e-01   4.011230e-01    2.941176e-02
30   -8.235294e-01   -4.011230e-01   -4.011230e-01    2.941176e-02
31   -8.235294e-01   4.011230e-01   -4.011230e-01    2.941176e-02
32   1.000000e+00   0.000000e+00   0.000000e+00    2.941176e-02
33   -1.000000e+00   0.000000e+00   0.000000e+00    2.941176e-02
fre   spec
0.000000e+00   8.808913e-16
2.579400e-05   8.082168e-16
3.204528e-05   1.549753e-15
3.981158e-05   2.971644e-15
4.946008e-05   5.698106e-15
6.144693e-05   1.092606e-14
7.633885e-05   2.095059e-14
9.483988e-05   4.017241e-14
1.178247e-04   7.702974e-14
1.463800e-04   1.477024e-13
1.818558e-04   2.832142e-13
2.259293e-04   5.430507e-13
2.806842e-04   1.041269e-12
3.487091e-04   1.996561e-12
4.332202e-04   3.828229e-12
5.382128e-04   7.340208e-12
6.686509e-04   1.407384e-11
8.307012e-04   2.698416e-11
1.032025e-03   5.173633e-11
1.282140e-03   9.919058e-11
1.592872e-03   1.901649e-10
1.978912e-03   3.645623e-10
2.458509e-03   6.988600e-10
3.054338e-03   1.339615e-09
3.794570e-03   2.567642e-09
4.714199e-03   4.920903e-09
5.856704e-03   9.429755e-09
7.276100e-03   1.806708e-08
9.039493e-03   3.460913e-08
1.123025e-02   6.628090e-08
1.395195e-02   1.268981e-07
1.733326e-02   2.428619e-07
2.153404e-02   4.645806e-07
2.675291e-02   8.882005e-07
3.323658e-02   1.696866e-06
4.129161e-02   3.238871e-06
5.129879e-02   6.175232e-06
6.373127e-02   1.175727e-05
7.917680e-02   2.234613e-05
9.836562e-02   4.237918e-05
1.222049e-01   8.015291e-05
1.518218e-01   1.510787e-04
1.886164e-01   2.835470e-04
2.343284e-01   5.293022e-04
2.911188e-01   9.813513e-04
3.616726e-01   1.803845e-03
4.493254e-01   3.279519e-03
5.582213e-01   5.879429e-03
6.935085e-01   1.035244e-02
8.615831e-01   1.780921e-02
1.070391e+00   2.972230e-02
1.329805e+00   4.766066e-02
1.652089e+00   7.262594e-02
2.052479e+00   1.035183e-01
2.549906e+00   1.341218e-01
3.167886e+00   1.555559e-01
3.935635e+00   1.555395e-01
4.889453e+00   1.263367e-01
6.074431e+00   8.068382e-02
7.546595e+00   3.798268e-02
9.375542e+00   1.223679e-02
1.164774e+01   2.476311e-03
1.447062e+01   2.834835e-04
1.797764e+01   1.653328e-05
